0011111111111100010100010000010100000100
0011111111101101000111100000001000001001
1101111111111101110110011101001000000000
1110111111111011101111000000000100000000
1111011111110110101001100000000100010001
1111101111011110101011010011000000000000
1111110110111110100010010001000111100010
1111111011111111100010111000010001000001
1111111101111100101000000101011000011000
1111110110101100110100100010000100001000
1111101111010101011100101100000000000000
1011111110101110101111100000000000000110
1111011111010110101101011001000000110000
1110111111111011010011101011000000010000
0001111100011100000001000000001011000000
0111000100100100000001010000001000000000
0011111111011000000010001110000000000000
1010000001100100000101000100100000010000
0001110010111000000101001000000001100000
1111000001111000011000110000100000000000
0111011100010100100001010001000000000100
0101110000011111011010101000100000011000
0100100101110100000101000000000001010000
1010011100001001000110001010000100001000
0010000100101100101001010000000010000000
0010000010100000110000000000000010100000
0000010001000100100000010000000000000100
0010011010001100000010000000001000000000
0000000000000000010101000000000001000000
1000000110000000000000000000000000000011
0110000010000011000000000001000000000000
1001101001000000000000010000000000000000
0000001000000010000000001100000000000100
0000001100000010001000100000100000000100
0000001000001000001000000100000000000010
0000100010001100010001100000000000000001
0100000011000000000001010000000000000000
1000000000010000000010000010000011000000
0000001000010000000000000000010000100000
0100100100000000000000000000010000010000
