001101100010110011101010011010000101000000011000100000001000000000000010000000
000000011101011000001010100010100110000000000010100001001000000000000000000000
100101110111111001110111010110001000100000000000111000001010000000000000000000
101010100011111011001111111010101010110001000010000100000000100000000000000000
000101101000001101011110100000000110111100000000000100000001000100001000100001
101010101111111100111110001100001100011100010000010000010000000001000100010000
101111011010010011010010011110110010001000100000011000001010000000000000001100
011000101101011100111000000101000000001100000100101000000010000000000100001000
010011110001101010001000010011001100100001000010001000000000000000100000000000
011001010000111001000111111011001011000000000000010001000010100010011000000001
101101100001011100111110001100101100001100110000000000000010000000000000000000
011101011010000100000000101111101101000001000010010100000000100000000000000000
101101001100001110101001011111110001100100000000100000000000000000000000000010
111101110110001110111011111111010010100000000100000010000100100000000010000100
011111011110110110101010010101110011101000000000000010000000000000000000000000
000011010011111000011110111000001001101100000000000010000000000000000000000000
100100101000111001001011110001000001110000000000000000100100000000000000000000
101110100100000010000110110011000110010001001100010000011010000000000100000000
101001010010111000001101000111000001000010000000101010000100000000000000000000
001011110010010100001101111010000000001000000000011000000000001010000000000000
110111011010111110110110001100111000100001000010000001001000000010000000000000
001111000110000101111011101100100010100111001000000000100110000000000000000000
111111100110011111001100101011000000110001000101000001000000000000000100000000
001100000100110010110100110001111110000000100000000110000001010000001000000000
010110000101010111010111001110000101001100000000000100000000000000000000000000
101100101100111111010001000100011100011010000001000000000010001000001000000000
100101100111110100011110100001100101000100000000100101100000000000000001000000
001001110011111000101100110011100101000010100001000000000010100000000000000010
111100101101110001110010100100110000000010001001100000011000000000000000000000
000000011101111011100011001100000001010000101100000000000100000000000000000001
010100100011101000001101001110000100000000010010000000100000000000000000000000
000000100000111000001001010010000101010010101010000001010000010000001010000000
001101001111000100001001010000000100000100000000000010010000000000000000000000
110011001011000001000001111100111000010000001000000100000000000001000000000000
010110100100011001000101000000000000001000101000010000000000000000000000001000
100000000101101110100000101101010000001010010000101000010000000000010001000000
001110001000111110001110000000000000000001100000000010001110000000000000000000
000111000000000011000010010001010100001101010000110000000100000000000000000000
000011110010001100010000110000000011010000001000000100000000000001000000000000
000011010010100100000100101000001000010001010000000100000000001000000000001000
000000000000000000100100010110010001000000000000100000010110000000000000000000
000100001001000001001110000000000000110100000100000100000000000000110000000001
000000100010000000000001000101010010100000000010001000000000000100000000000010
100001000010000000000000000000100001010100000000001000000100000000000000001000
100000000000000001000100000011010110001000000000000110010100100000000000100000
000000010000010001000010000001000000000001000000000110000001000000000000000000
010100001001000000001000000000110000000000100000100001101000000000000000000000
000000000000000000000010010110000000000000000000001000100110000000100000000000
111000010000100000100000001010000001010010000010001000000000000000000000000000
001001100101000001010000000000000010010000000000000000000000000010000001010000
001000111000000000110000000000000001000000110001100000000000000000100001000000
000110000001000000000001101000000100001101001100000001000000010000000000000000
000000000000011100100001000000001000100000001100000000000100010000000000000000
010000000100000000001010001000010000000000000010000100111000010001000000000000
000000000000000010000100001000100000000000000011000001000010000000010000000100
000001000000000001000000000010011001000010001000000001000100000000000010000000
111000100000000001001000000010000000100000000010000001000000000000000000000000
000000000000010010100100000001000000110010011001000010010000000000000000000000
001000110110000001000100010100000000100010000001000000100000000000000000100000
000010000000000000000001000000000000000000000100000000000000000000000000000000
000100000101010000000000000100000000000000001000000000000000000000000100000000
000000000000000000000001000000010000000000000000000111000000000000000000000000
000000000000000000010000010000000000000100000000000000000000000000000000000000
000010000000000000000000000000000000000000100000000000000000000000000010010000
000000000100000000011000000000000000000000000000010000000000000000000000000000
000001000000000000000000000000000100001000000000000001000000000000000000000001
000000001000000000000000000000000000000001000001001000000000000000000000000000
000000000100000000000000000000000001000001000000000000100000000000000000000000
000010000100000000000001010000010000000000000000000000000000000000000000000001
000001010000000001000010000000000000000000000000000000000000100000000000000000
100000000000010000000000000000010000000000000000000000010000000100000000000010
000000000000000000000000001000000001000000000000011000000000000000000000000000
000010000000000000000000000000000000000000001000000000000010000000000000000000
000001000000000000000000000000000000000000000000010000000000000100000000000000
000000110000000000000000000000000010000100010000000000000000000000000000000000
000000100000010000000000000000000000000000000000000000100000000000000000000000
000000000000100000000000000100000000000000100000000000000000000000000010000000
000010000100000000000000000001000000000001000000000000000000000001001000000000
